(kicad_pcb (version 20171130) (host pcbnew "(5.1.6)-1")

  (general
    (thickness 1.6)
    (drawings 40)
    (tracks 813)
    (zones 0)
    (modules 79)
    (nets 70)
  )

  (page A4)
  (layers
    (0 F.Cu signal)
    (31 B.Cu signal)
    (32 B.Adhes user)
    (33 F.Adhes user)
    (34 B.Paste user)
    (35 F.Paste user)
    (36 B.SilkS user)
    (37 F.SilkS user)
    (38 B.Mask user)
    (39 F.Mask user)
    (40 Dwgs.User user)
    (41 Cmts.User user)
    (42 Eco1.User user)
    (43 Eco2.User user)
    (44 Edge.Cuts user)
    (45 Margin user)
    (46 B.CrtYd user)
    (47 F.CrtYd user)
    (48 B.Fab user)
    (49 F.Fab user)
  )

  (setup
    (last_trace_width 0.35)
    (user_trace_width 0.35)
    (trace_clearance 0.2)
    (zone_clearance 0.508)
    (zone_45_only no)
    (trace_min 0.2)
    (via_size 0.8)
    (via_drill 0.4)
    (via_min_size 0.4)
    (via_min_drill 0.3)
    (uvia_size 0.3)
    (uvia_drill 0.1)
    (uvias_allowed no)
    (uvia_min_size 0.2)
    (uvia_min_drill 0.1)
    (edge_width 0.05)
    (segment_width 0.2)
    (pcb_text_width 0.3)
    (pcb_text_size 1.5 1.5)
    (mod_edge_width 0.12)
    (mod_text_size 1 1)
    (mod_text_width 0.15)
    (pad_size 1.524 1.524)
    (pad_drill 0.762)
    (pad_to_mask_clearance 0.05)
    (aux_axis_origin 0 0)
    (grid_origin 231.8 83.025)
    (visible_elements 7FFFFFFF)
    (pcbplotparams
      (layerselection 0x010fc_ffffffff)
      (usegerberextensions false)
      (usegerberattributes true)
      (usegerberadvancedattributes true)
      (creategerberjobfile true)
      (excludeedgelayer true)
      (linewidth 0.100000)
      (plotframeref false)
      (viasonmask false)
      (mode 1)
      (useauxorigin false)
      (hpglpennumber 1)
      (hpglpenspeed 20)
      (hpglpendiameter 15.000000)
      (psnegative false)
      (psa4output false)
      (plotreference true)
      (plotvalue true)
      (plotinvisibletext false)
      (padsonsilk false)
      (subtractmaskfromsilk false)
      (outputformat 1)
      (mirror false)
      (drillshape 0)
      (scaleselection 1)
      (outputdirectory "Gerber/"))
  )

  (net 0 "")
  (net 1 +5V)
  (net 2 "Net-(C3-Pad2)")
  (net 3 Xtal1)
  (net 4 Xtal2)
  (net 5 D+)
  (net 6 D-)
  (net 7 "Net-(D3-Pad2)")
  (net 8 Row1)
  (net 9 "Net-(D4-Pad2)")
  (net 10 Row2)
  (net 11 "Net-(D5-Pad2)")
  (net 12 "Net-(D6-Pad2)")
  (net 13 "Net-(D7-Pad2)")
  (net 14 "Net-(D8-Pad2)")
  (net 15 "Net-(D9-Pad2)")
  (net 16 "Net-(D10-Pad2)")
  (net 17 "Net-(D11-Pad1)")
  (net 18 Led1)
  (net 19 Led2)
  (net 20 "Net-(D12-Pad1)")
  (net 21 VCC)
  (net 22 SDA)
  (net 23 SCL)
  (net 24 "Net-(J1-PadA5)")
  (net 25 "Net-(J1-PadB5)")
  (net 26 "Net-(R3-Pad1)")
  (net 27 "Net-(R4-Pad2)")
  (net 28 "Net-(R5-Pad2)")
  (net 29 "Net-(R8-Pad2)")
  (net 30 Col1)
  (net 31 Col2)
  (net 32 Col3)
  (net 33 Col4)
  (net 34 S1)
  (net 35 B1)
  (net 36 A1)
  (net 37 A2)
  (net 38 B2)
  (net 39 S2)
  (net 40 "Net-(U1-Pad9)")
  (net 41 "Net-(U1-Pad10)")
  (net 42 "Net-(U1-Pad11)")
  (net 43 "Net-(U1-Pad36)")
  (net 44 "Net-(U1-Pad37)")
  (net 45 "Net-(U1-Pad38)")
  (net 46 "Net-(U1-Pad39)")
  (net 47 "Net-(U1-Pad40)")
  (net 48 "Net-(U1-Pad42)")
  (net 49 "Net-(J1-PadA8)")
  (net 50 "Net-(J1-PadB8)")
  (net 51 GND)
  (net 52 Led)
  (net 53 "Net-(D13-Pad4)")
  (net 54 "Net-(D13-Pad2)")
  (net 55 "Net-(D14-Pad2)")
  (net 56 "Net-(D15-Pad4)")
  (net 57 "Net-(D16-Pad2)")
  (net 58 "Net-(D17-Pad4)")
  (net 59 "Net-(D18-Pad2)")
  (net 60 "Net-(D19-Pad4)")
  (net 61 "Net-(D20-Pad2)")
  (net 62 "Net-(D21-Pad4)")
  (net 63 "Net-(D22-Pad2)")
  (net 64 "Net-(D23-Pad4)")
  (net 65 "Net-(D24-Pad2)")
  (net 66 "Net-(D25-Pad4)")
  (net 67 "Net-(D26-Pad2)")
  (net 68 "Net-(D27-Pad4)")
  (net 69 "Net-(D28-Pad2)")

  (net_class Default "This is the default net class."
    (clearance 0.2)
    (trace_width 0.25)
    (via_dia 0.8)
    (via_drill 0.4)
    (uvia_dia 0.3)
    (uvia_drill 0.1)
    (add_net +5V)
    (add_net A1)
    (add_net A2)
    (add_net B1)
    (add_net B2)
    (add_net Col1)
    (add_net Col2)
    (add_net Col3)
    (add_net Col4)
    (add_net D+)
    (add_net D-)
    (add_net GND)
    (add_net Led)
    (add_net Led1)
    (add_net Led2)
    (add_net "Net-(C3-Pad2)")
    (add_net "Net-(D10-Pad2)")
    (add_net "Net-(D11-Pad1)")
    (add_net "Net-(D12-Pad1)")
    (add_net "Net-(D13-Pad2)")
    (add_net "Net-(D13-Pad4)")
    (add_net "Net-(D14-Pad2)")
    (add_net "Net-(D15-Pad4)")
    (add_net "Net-(D16-Pad2)")
    (add_net "Net-(D17-Pad4)")
    (add_net "Net-(D18-Pad2)")
    (add_net "Net-(D19-Pad4)")
    (add_net "Net-(D20-Pad2)")
    (add_net "Net-(D21-Pad4)")
    (add_net "Net-(D22-Pad2)")
    (add_net "Net-(D23-Pad4)")
    (add_net "Net-(D24-Pad2)")
    (add_net "Net-(D25-Pad4)")
    (add_net "Net-(D26-Pad2)")
    (add_net "Net-(D27-Pad4)")
    (add_net "Net-(D28-Pad2)")
    (add_net "Net-(D3-Pad2)")
    (add_net "Net-(D4-Pad2)")
    (add_net "Net-(D5-Pad2)")
    (add_net "Net-(D6-Pad2)")
    (add_net "Net-(D7-Pad2)")
    (add_net "Net-(D8-Pad2)")
    (add_net "Net-(D9-Pad2)")
    (add_net "Net-(J1-PadA5)")
    (add_net "Net-(J1-PadA8)")
    (add_net "Net-(J1-PadB5)")
    (add_net "Net-(J1-PadB8)")
    (add_net "Net-(R3-Pad1)")
    (add_net "Net-(R4-Pad2)")
    (add_net "Net-(R5-Pad2)")
    (add_net "Net-(R8-Pad2)")
    (add_net "Net-(U1-Pad10)")
    (add_net "Net-(U1-Pad11)")
    (add_net "Net-(U1-Pad36)")
    (add_net "Net-(U1-Pad37)")
    (add_net "Net-(U1-Pad38)")
    (add_net "Net-(U1-Pad39)")
    (add_net "Net-(U1-Pad40)")
    (add_net "Net-(U1-Pad42)")
    (add_net "Net-(U1-Pad9)")
    (add_net Row1)
    (add_net Row2)
    (add_net S1)
    (add_net S2)
    (add_net SCL)
    (add_net SDA)
    (add_net VCC)
    (add_net Xtal1)
    (add_net Xtal2)
  )

  (module SK6812MINI:SK6812MINI_reverse (layer B.Cu) (tedit 5F9855F8) (tstamp 5F994C99)
    (at 155.13 110.49 180)
    (path /5FB0B680)
    (fp_text reference D27 (at 0 3.55) (layer B.SilkS)
      (effects (font (size 1 1) (thickness 0.15)) (justify mirror))
    )
    (fp_text value SK6812MINI (at 0 -3.65) (layer B.Fab)
      (effects (font (size 1 1) (thickness 0.15)) (justify mirror))
    )
    (fp_poly (pts (xy 1.75 -2.25) (xy -1.75 -2.25) (xy -1.75 2.25) (xy 1.75 2.25)) (layer Eco2.User) (width 0.1))
    (fp_line (start -1.75 2.25) (end 1.75 2.25) (layer B.SilkS) (width 0.15))
    (fp_line (start 1.75 -2.25) (end -1.75 -2.25) (layer B.SilkS) (width 0.15))
    (fp_line (start -1.75 -2.25) (end -1.75 2.25) (layer B.SilkS) (width 0.15))
    (fp_line (start 1.75 2.25) (end 1.75 -2.25) (layer B.SilkS) (width 0.15))
    (pad 4 smd rect (at 2.4 -0.875 180) (size 1.6 1) (layers B.Cu B.Paste B.Mask)
      (net 68 "Net-(D27-Pad4)"))
    (pad 3 smd rect (at 2.4 0.875 180) (size 1.6 1) (layers B.Cu B.Paste B.Mask)
      (net 51 GND))
    (pad 1 smd rect (at -2.4 -0.875 180) (size 1.6 1) (layers B.Cu B.Paste B.Mask)
      (net 1 +5V))
    (pad 2 smd rect (at -2.4 0.875 180) (size 1.6 1) (layers B.Cu B.Paste B.Mask)
      (net 66 "Net-(D25-Pad4)"))
  )

  (module SK6812MINI:SK6812MINI_reverse (layer B.Cu) (tedit 5F9855F8) (tstamp 5F994C45)
    (at 155.13 129.49)
    (path /5FADA693)
    (fp_text reference D13 (at 0 3.55) (layer B.SilkS)
      (effects (font (size 1 1) (thickness 0.15)) (justify mirror))
    )
    (fp_text value SK6812MINI (at 0 -3.65) (layer B.Fab)
      (effects (font (size 1 1) (thickness 0.15)) (justify mirror))
    )
    (fp_poly (pts (xy 1.75 -2.25) (xy -1.75 -2.25) (xy -1.75 2.25) (xy 1.75 2.25)) (layer Eco2.User) (width 0.1))
    (fp_line (start -1.75 2.25) (end 1.75 2.25) (layer B.SilkS) (width 0.15))
    (fp_line (start 1.75 -2.25) (end -1.75 -2.25) (layer B.SilkS) (width 0.15))
    (fp_line (start -1.75 -2.25) (end -1.75 2.25) (layer B.SilkS) (width 0.15))
    (fp_line (start 1.75 2.25) (end 1.75 -2.25) (layer B.SilkS) (width 0.15))
    (pad 4 smd rect (at 2.4 -0.875) (size 1.6 1) (layers B.Cu B.Paste B.Mask)
      (net 53 "Net-(D13-Pad4)"))
    (pad 3 smd rect (at 2.4 0.875) (size 1.6 1) (layers B.Cu B.Paste B.Mask)
      (net 51 GND))
    (pad 1 smd rect (at -2.4 -0.875) (size 1.6 1) (layers B.Cu B.Paste B.Mask)
      (net 1 +5V))
    (pad 2 smd rect (at -2.4 0.875) (size 1.6 1) (layers B.Cu B.Paste B.Mask)
      (net 54 "Net-(D13-Pad2)"))
  )

  (module SK6812MINI:SK6812MINI_reverse (layer B.Cu) (tedit 5F9855F8) (tstamp 5F994C51)
    (at 174.23 129.49)
    (path /5FB0337A)
    (fp_text reference D15 (at 0 3.55) (layer B.SilkS)
      (effects (font (size 1 1) (thickness 0.15)) (justify mirror))
    )
    (fp_text value SK6812MINI (at 0 -3.65) (layer B.Fab)
      (effects (font (size 1 1) (thickness 0.15)) (justify mirror))
    )
    (fp_poly (pts (xy 1.75 -2.25) (xy -1.75 -2.25) (xy -1.75 2.25) (xy 1.75 2.25)) (layer Eco2.User) (width 0.1))
    (fp_line (start -1.75 2.25) (end 1.75 2.25) (layer B.SilkS) (width 0.15))
    (fp_line (start 1.75 -2.25) (end -1.75 -2.25) (layer B.SilkS) (width 0.15))
    (fp_line (start -1.75 -2.25) (end -1.75 2.25) (layer B.SilkS) (width 0.15))
    (fp_line (start 1.75 2.25) (end 1.75 -2.25) (layer B.SilkS) (width 0.15))
    (pad 4 smd rect (at 2.4 -0.875) (size 1.6 1) (layers B.Cu B.Paste B.Mask)
      (net 56 "Net-(D15-Pad4)"))
    (pad 3 smd rect (at 2.4 0.875) (size 1.6 1) (layers B.Cu B.Paste B.Mask)
      (net 51 GND))
    (pad 1 smd rect (at -2.4 -0.875) (size 1.6 1) (layers B.Cu B.Paste B.Mask)
      (net 1 +5V))
    (pad 2 smd rect (at -2.4 0.875) (size 1.6 1) (layers B.Cu B.Paste B.Mask)
      (net 53 "Net-(D13-Pad4)"))
  )

  (module SK6812MINI:SK6812MINI_reverse (layer B.Cu) (tedit 5F9855F8) (tstamp 5F994C5D)
    (at 193.33 129.49)
    (path /5FB06D97)
    (fp_text reference D17 (at 0 3.55) (layer B.SilkS)
      (effects (font (size 1 1) (thickness 0.15)) (justify mirror))
    )
    (fp_text value SK6812MINI (at 0 -3.65) (layer B.Fab)
      (effects (font (size 1 1) (thickness 0.15)) (justify mirror))
    )
    (fp_poly (pts (xy 1.75 -2.25) (xy -1.75 -2.25) (xy -1.75 2.25) (xy 1.75 2.25)) (layer Eco2.User) (width 0.1))
    (fp_line (start -1.75 2.25) (end 1.75 2.25) (layer B.SilkS) (width 0.15))
    (fp_line (start 1.75 -2.25) (end -1.75 -2.25) (layer B.SilkS) (width 0.15))
    (fp_line (start -1.75 -2.25) (end -1.75 2.25) (layer B.SilkS) (width 0.15))
    (fp_line (start 1.75 2.25) (end 1.75 -2.25) (layer B.SilkS) (width 0.15))
    (pad 4 smd rect (at 2.4 -0.875) (size 1.6 1) (layers B.Cu B.Paste B.Mask)
      (net 58 "Net-(D17-Pad4)"))
    (pad 3 smd rect (at 2.4 0.875) (size 1.6 1) (layers B.Cu B.Paste B.Mask)
      (net 51 GND))
    (pad 1 smd rect (at -2.4 -0.875) (size 1.6 1) (layers B.Cu B.Paste B.Mask)
      (net 1 +5V))
    (pad 2 smd rect (at -2.4 0.875) (size 1.6 1) (layers B.Cu B.Paste B.Mask)
      (net 56 "Net-(D15-Pad4)"))
  )

  (module SK6812MINI:SK6812MINI_reverse (layer B.Cu) (tedit 5F9855F8) (tstamp 5F994C69)
    (at 212.33 129.49)
    (path /5FB06DA3)
    (fp_text reference D19 (at 0 3.55) (layer B.SilkS)
      (effects (font (size 1 1) (thickness 0.15)) (justify mirror))
    )
    (fp_text value SK6812MINI (at 0 -3.65) (layer B.Fab)
      (effects (font (size 1 1) (thickness 0.15)) (justify mirror))
    )
    (fp_poly (pts (xy 1.75 -2.25) (xy -1.75 -2.25) (xy -1.75 2.25) (xy 1.75 2.25)) (layer Eco2.User) (width 0.1))
    (fp_line (start -1.75 2.25) (end 1.75 2.25) (layer B.SilkS) (width 0.15))
    (fp_line (start 1.75 -2.25) (end -1.75 -2.25) (layer B.SilkS) (width 0.15))
    (fp_line (start -1.75 -2.25) (end -1.75 2.25) (layer B.SilkS) (width 0.15))
    (fp_line (start 1.75 2.25) (end 1.75 -2.25) (layer B.SilkS) (width 0.15))
    (pad 4 smd rect (at 2.4 -0.875) (size 1.6 1) (layers B.Cu B.Paste B.Mask)
      (net 60 "Net-(D19-Pad4)"))
    (pad 3 smd rect (at 2.4 0.875) (size 1.6 1) (layers B.Cu B.Paste B.Mask)
      (net 51 GND))
    (pad 1 smd rect (at -2.4 -0.875) (size 1.6 1) (layers B.Cu B.Paste B.Mask)
      (net 1 +5V))
    (pad 2 smd rect (at -2.4 0.875) (size 1.6 1) (layers B.Cu B.Paste B.Mask)
      (net 58 "Net-(D17-Pad4)"))
  )

  (module SK6812MINI:SK6812MINI_reverse (layer B.Cu) (tedit 5F9855F8) (tstamp 5F994C75)
    (at 212.38 110.49 180)
    (path /5FB0B65C)
    (fp_text reference D21 (at 0 3.55) (layer B.SilkS)
      (effects (font (size 1 1) (thickness 0.15)) (justify mirror))
    )
    (fp_text value SK6812MINI (at 0 -3.65) (layer B.Fab)
      (effects (font (size 1 1) (thickness 0.15)) (justify mirror))
    )
    (fp_poly (pts (xy 1.75 -2.25) (xy -1.75 -2.25) (xy -1.75 2.25) (xy 1.75 2.25)) (layer Eco2.User) (width 0.1))
    (fp_line (start -1.75 2.25) (end 1.75 2.25) (layer B.SilkS) (width 0.15))
    (fp_line (start 1.75 -2.25) (end -1.75 -2.25) (layer B.SilkS) (width 0.15))
    (fp_line (start -1.75 -2.25) (end -1.75 2.25) (layer B.SilkS) (width 0.15))
    (fp_line (start 1.75 2.25) (end 1.75 -2.25) (layer B.SilkS) (width 0.15))
    (pad 4 smd rect (at 2.4 -0.875 180) (size 1.6 1) (layers B.Cu B.Paste B.Mask)
      (net 62 "Net-(D21-Pad4)"))
    (pad 3 smd rect (at 2.4 0.875 180) (size 1.6 1) (layers B.Cu B.Paste B.Mask)
      (net 51 GND))
    (pad 1 smd rect (at -2.4 -0.875 180) (size 1.6 1) (layers B.Cu B.Paste B.Mask)
      (net 1 +5V))
    (pad 2 smd rect (at -2.4 0.875 180) (size 1.6 1) (layers B.Cu B.Paste B.Mask)
      (net 60 "Net-(D19-Pad4)"))
  )

  (module SK6812MINI:SK6812MINI_reverse (layer B.Cu) (tedit 5F9855F8) (tstamp 5F994C81)
    (at 193.28 110.49 180)
    (path /5FB0B668)
    (fp_text reference D23 (at 0 3.55) (layer B.SilkS)
      (effects (font (size 1 1) (thickness 0.15)) (justify mirror))
    )
    (fp_text value SK6812MINI (at 0 -3.65) (layer B.Fab)
      (effects (font (size 1 1) (thickness 0.15)) (justify mirror))
    )
    (fp_poly (pts (xy 1.75 -2.25) (xy -1.75 -2.25) (xy -1.75 2.25) (xy 1.75 2.25)) (layer Eco2.User) (width 0.1))
    (fp_line (start -1.75 2.25) (end 1.75 2.25) (layer B.SilkS) (width 0.15))
    (fp_line (start 1.75 -2.25) (end -1.75 -2.25) (layer B.SilkS) (width 0.15))
    (fp_line (start -1.75 -2.25) (end -1.75 2.25) (layer B.SilkS) (width 0.15))
    (fp_line (start 1.75 2.25) (end 1.75 -2.25) (layer B.SilkS) (width 0.15))
    (pad 4 smd rect (at 2.4 -0.875 180) (size 1.6 1) (layers B.Cu B.Paste B.Mask)
      (net 64 "Net-(D23-Pad4)"))
    (pad 3 smd rect (at 2.4 0.875 180) (size 1.6 1) (layers B.Cu B.Paste B.Mask)
      (net 51 GND))
    (pad 1 smd rect (at -2.4 -0.875 180) (size 1.6 1) (layers B.Cu B.Paste B.Mask)
      (net 1 +5V))
    (pad 2 smd rect (at -2.4 0.875 180) (size 1.6 1) (layers B.Cu B.Paste B.Mask)
      (net 62 "Net-(D21-Pad4)"))
  )

  (module SK6812MINI:SK6812MINI_reverse (layer B.Cu) (tedit 5F9855F8) (tstamp 5F994C8D)
    (at 174.13 110.49 180)
    (path /5FB0B674)
    (fp_text reference D25 (at 0 3.55) (layer B.SilkS)
      (effects (font (size 1 1) (thickness 0.15)) (justify mirror))
    )
    (fp_text value SK6812MINI (at 0 -3.65) (layer B.Fab)
      (effects (font (size 1 1) (thickness 0.15)) (justify mirror))
    )
    (fp_poly (pts (xy 1.75 -2.25) (xy -1.75 -2.25) (xy -1.75 2.25) (xy 1.75 2.25)) (layer Eco2.User) (width 0.1))
    (fp_line (start -1.75 2.25) (end 1.75 2.25) (layer B.SilkS) (width 0.15))
    (fp_line (start 1.75 -2.25) (end -1.75 -2.25) (layer B.SilkS) (width 0.15))
    (fp_line (start -1.75 -2.25) (end -1.75 2.25) (layer B.SilkS) (width 0.15))
    (fp_line (start 1.75 2.25) (end 1.75 -2.25) (layer B.SilkS) (width 0.15))
    (pad 4 smd rect (at 2.4 -0.875 180) (size 1.6 1) (layers B.Cu B.Paste B.Mask)
      (net 66 "Net-(D25-Pad4)"))
    (pad 3 smd rect (at 2.4 0.875 180) (size 1.6 1) (layers B.Cu B.Paste B.Mask)
      (net 51 GND))
    (pad 1 smd rect (at -2.4 -0.875 180) (size 1.6 1) (layers B.Cu B.Paste B.Mask)
      (net 1 +5V))
    (pad 2 smd rect (at -2.4 0.875 180) (size 1.6 1) (layers B.Cu B.Paste B.Mask)
      (net 64 "Net-(D23-Pad4)"))
  )

  (module MountingHole:MountingHole_3.2mm_M3 (layer F.Cu) (tedit 56D1B4CB) (tstamp 5F97D3E0)
    (at 202.8 93.965)
    (descr "Mounting Hole 3.2mm, no annular, M3")
    (tags "mounting hole 3.2mm no annular m3")
    (attr virtual)
    (fp_text reference REF** (at 0 -4.2) (layer F.SilkS)
      (effects (font (size 1 1) (thickness 0.15)))
    )
    (fp_text value MountingHole_3.2mm_M3 (at 0 4.2) (layer F.Fab)
      (effects (font (size 1 1) (thickness 0.15)))
    )
    (fp_circle (center 0 0) (end 3.45 0) (layer F.CrtYd) (width 0.05))
    (fp_circle (center 0 0) (end 3.2 0) (layer Cmts.User) (width 0.15))
    (fp_text user %R (at 0.3 0) (layer F.Fab)
      (effects (font (size 1 1) (thickness 0.15)))
    )
    (pad 1 np_thru_hole circle (at 0 0) (size 3.2 3.2) (drill 3.2) (layers *.Cu *.Mask))
  )

  (module MountingHole:MountingHole_3.2mm_M3 locked (layer F.Cu) (tedit 56D1B4CB) (tstamp 5F97D3D2)
    (at 202.85 125.263)
    (descr "Mounting Hole 3.2mm, no annular, M3")
    (tags "mounting hole 3.2mm no annular m3")
    (attr virtual)
    (fp_text reference REF** (at 0 -4.2) (layer F.SilkS)
      (effects (font (size 1 1) (thickness 0.15)))
    )
    (fp_text value MountingHole_3.2mm_M3 (at 0 4.2) (layer F.Fab)
      (effects (font (size 1 1) (thickness 0.15)))
    )
    (fp_circle (center 0 0) (end 3.2 0) (layer Cmts.User) (width 0.15))
    (fp_circle (center 0 0) (end 3.45 0) (layer F.CrtYd) (width 0.05))
    (fp_text user %R (at 0.3 0) (layer F.Fab)
      (effects (font (size 1 1) (thickness 0.15)))
    )
    (pad 1 np_thru_hole circle (at 0 0) (size 3.2 3.2) (drill 3.2) (layers *.Cu *.Mask))
  )

  (module MountingHole:MountingHole_3.2mm_M3 locked (layer F.Cu) (tedit 56D1B4CB) (tstamp 5F97D3CF)
    (at 164.75 125.263)
    (descr "Mounting Hole 3.2mm, no annular, M3")
    (tags "mounting hole 3.2mm no annular m3")
    (attr virtual)
    (fp_text reference REF** (at 0 -4.2) (layer F.SilkS)
      (effects (font (size 1 1) (thickness 0.15)))
    )
    (fp_text value MountingHole_3.2mm_M3 (at 0 4.2) (layer F.Fab)
      (effects (font (size 1 1) (thickness 0.15)))
    )
    (fp_circle (center 0 0) (end 3.45 0) (layer F.CrtYd) (width 0.05))
    (fp_circle (center 0 0) (end 3.2 0) (layer Cmts.User) (width 0.15))
    (fp_text user %R (at 0.3 0) (layer F.Fab)
      (effects (font (size 1 1) (thickness 0.15)))
    )
    (pad 1 np_thru_hole circle (at 0 0) (size 3.2 3.2) (drill 3.2) (layers *.Cu *.Mask))
  )

  (module Capacitor_SMD:C_1206_3216Metric (layer B.Cu) (tedit 5B301BBE) (tstamp 5F8D5CB4)
    (at 177 103.85 90)
    (descr "Capacitor SMD 1206 (3216 Metric), square (rectangular) end terminal, IPC_7351 nominal, (Body size source: http://www.tortai-tech.com/upload/download/2011102023233369053.pdf), generated with kicad-footprint-generator")
    (tags capacitor)
    (path /5F91AF0C)
    (attr smd)
    (fp_text reference C1 (at 0 1.82 90) (layer B.SilkS)
      (effects (font (size 1 1) (thickness 0.15)) (justify mirror))
    )
    (fp_text value 0.1uF (at 0 -1.82 90) (layer B.Fab)
      (effects (font (size 1 1) (thickness 0.15)) (justify mirror))
    )
    (fp_line (start 2.28 -1.12) (end -2.28 -1.12) (layer B.CrtYd) (width 0.05))
    (fp_line (start 2.28 1.12) (end 2.28 -1.12) (layer B.CrtYd) (width 0.05))
    (fp_line (start -2.28 1.12) (end 2.28 1.12) (layer B.CrtYd) (width 0.05))
    (fp_line (start -2.28 -1.12) (end -2.28 1.12) (layer B.CrtYd) (width 0.05))
    (fp_line (start -0.602064 -0.91) (end 0.602064 -0.91) (layer B.SilkS) (width 0.12))
    (fp_line (start -0.602064 0.91) (end 0.602064 0.91) (layer B.SilkS) (width 0.12))
    (fp_line (start 1.6 -0.8) (end -1.6 -0.8) (layer B.Fab) (width 0.1))
    (fp_line (start 1.6 0.8) (end 1.6 -0.8) (layer B.Fab) (width 0.1))
    (fp_line (start -1.6 0.8) (end 1.6 0.8) (layer B.Fab) (width 0.1))
    (fp_line (start -1.6 -0.8) (end -1.6 0.8) (layer B.Fab) (width 0.1))
    (fp_text user %R (at 0 0 90) (layer B.Fab)
      (effects (font (size 0.8 0.8) (thickness 0.12)) (justify mirror))
    )
    (pad 2 smd roundrect (at 1.4 0 90) (size 1.25 1.75) (layers B.Cu B.Paste B.Mask) (roundrect_rratio 0.2)
      (net 1 +5V))
    (pad 1 smd roundrect (at -1.4 0 90) (size 1.25 1.75) (layers B.Cu B.Paste B.Mask) (roundrect_rratio 0.2)
      (net 51 GND))
    (model ${KISYS3DMOD}/Capacitor_SMD.3dshapes/C_1206_3216Metric.wrl
      (at (xyz 0 0 0))
      (scale (xyz 1 1 1))
      (rotate (xyz 0 0 0))
    )
  )

  (module Capacitor_SMD:C_1206_3216Metric (layer B.Cu) (tedit 5B301BBE) (tstamp 5F8D5CC5)
    (at 173 103.85 90)
    (descr "Capacitor SMD 1206 (3216 Metric), square (rectangular) end terminal, IPC_7351 nominal, (Body size source: http://www.tortai-tech.com/upload/download/2011102023233369053.pdf), generated with kicad-footprint-generator")
    (tags capacitor)
    (path /5F91B74D)
    (attr smd)
    (fp_text reference C2 (at 0 1.82 90) (layer B.SilkS)
      (effects (font (size 1 1) (thickness 0.15)) (justify mirror))
    )
    (fp_text value 0.1uF (at 0 -1.82 90) (layer B.Fab)
      (effects (font (size 1 1) (thickness 0.15)) (justify mirror))
    )
    (fp_line (start -1.6 -0.8) (end -1.6 0.8) (layer B.Fab) (width 0.1))
    (fp_line (start -1.6 0.8) (end 1.6 0.8) (layer B.Fab) (width 0.1))
    (fp_line (start 1.6 0.8) (end 1.6 -0.8) (layer B.Fab) (width 0.1))
    (fp_line (start 1.6 -0.8) (end -1.6 -0.8) (layer B.Fab) (width 0.1))
    (fp_line (start -0.602064 0.91) (end 0.602064 0.91) (layer B.SilkS) (width 0.12))
    (fp_line (start -0.602064 -0.91) (end 0.602064 -0.91) (layer B.SilkS) (width 0.12))
    (fp_line (start -2.28 -1.12) (end -2.28 1.12) (layer B.CrtYd) (width 0.05))
    (fp_line (start -2.28 1.12) (end 2.28 1.12) (layer B.CrtYd) (width 0.05))
    (fp_line (start 2.28 1.12) (end 2.28 -1.12) (layer B.CrtYd) (width 0.05))
    (fp_line (start 2.28 -1.12) (end -2.28 -1.12) (layer B.CrtYd) (width 0.05))
    (fp_text user %R (at 0 0 180) (layer B.Fab)
      (effects (font (size 0.8 0.8) (thickness 0.12)) (justify mirror))
    )
    (pad 1 smd roundrect (at -1.4 0 90) (size 1.25 1.75) (layers B.Cu B.Paste B.Mask) (roundrect_rratio 0.2)
      (net 51 GND))
    (pad 2 smd roundrect (at 1.4 0 90) (size 1.25 1.75) (layers B.Cu B.Paste B.Mask) (roundrect_rratio 0.2)
      (net 1 +5V))
    (model ${KISYS3DMOD}/Capacitor_SMD.3dshapes/C_1206_3216Metric.wrl
      (at (xyz 0 0 0))
      (scale (xyz 1 1 1))
      (rotate (xyz 0 0 0))
    )
  )

  (module Capacitor_SMD:C_1206_3216Metric (layer B.Cu) (tedit 5B301BBE) (tstamp 5F8D5CD6)
    (at 158.375 99.865)
    (descr "Capacitor SMD 1206 (3216 Metric), square (rectangular) end terminal, IPC_7351 nominal, (Body size source: http://www.tortai-tech.com/upload/download/2011102023233369053.pdf), generated with kicad-footprint-generator")
    (tags capacitor)
    (path /5F91596B)
    (attr smd)
    (fp_text reference C3 (at 0 1.82) (layer B.SilkS)
      (effects (font (size 1 1) (thickness 0.15)) (justify mirror))
    )
    (fp_text value 1uF (at 0 -1.82) (layer B.Fab)
      (effects (font (size 1 1) (thickness 0.15)) (justify mirror))
    )
    (fp_line (start -1.6 -0.8) (end -1.6 0.8) (layer B.Fab) (width 0.1))
    (fp_line (start -1.6 0.8) (end 1.6 0.8) (layer B.Fab) (width 0.1))
    (fp_line (start 1.6 0.8) (end 1.6 -0.8) (layer B.Fab) (width 0.1))
    (fp_line (start 1.6 -0.8) (end -1.6 -0.8) (layer B.Fab) (width 0.1))
    (fp_line (start -0.602064 0.91) (end 0.602064 0.91) (layer B.SilkS) (width 0.12))
    (fp_line (start -0.602064 -0.91) (end 0.602064 -0.91) (layer B.SilkS) (width 0.12))
    (fp_line (start -2.28 -1.12) (end -2.28 1.12) (layer B.CrtYd) (width 0.05))
    (fp_line (start -2.28 1.12) (end 2.28 1.12) (layer B.CrtYd) (width 0.05))
    (fp_line (start 2.28 1.12) (end 2.28 -1.12) (layer B.CrtYd) (width 0.05))
    (fp_line (start 2.28 -1.12) (end -2.28 -1.12) (layer B.CrtYd) (width 0.05))
    (fp_text user %R (at 0 0) (layer B.Fab)
      (effects (font (size 0.8 0.8) (thickness 0.12)) (justify mirror))
    )
    (pad 1 smd roundrect (at -1.4 0) (size 1.25 1.75) (layers B.Cu B.Paste B.Mask) (roundrect_rratio 0.2)
      (net 51 GND))
    (pad 2 smd roundrect (at 1.4 0) (size 1.25 1.75) (layers B.Cu B.Paste B.Mask) (roundrect_rratio 0.2)
      (net 2 "Net-(C3-Pad2)"))
    (model ${KISYS3DMOD}/Capacitor_SMD.3dshapes/C_1206_3216Metric.wrl
      (at (xyz 0 0 0))
      (scale (xyz 1 1 1))
      (rotate (xyz 0 0 0))
    )
  )

  (module Capacitor_SMD:C_1206_3216Metric (layer B.Cu) (tedit 5B301BBE) (tstamp 5F8D5CE7)
    (at 175 103.85 90)
    (descr "Capacitor SMD 1206 (3216 Metric), square (rectangular) end terminal, IPC_7351 nominal, (Body size source: http://www.tortai-tech.com/upload/download/2011102023233369053.pdf), generated with kicad-footprint-generator")
    (tags capacitor)
    (path /5F91BD3F)
    (attr smd)
    (fp_text reference C4 (at 0 1.82 90) (layer B.SilkS)
      (effects (font (size 1 1) (thickness 0.15)) (justify mirror))
    )
    (fp_text value 0.1uF (at 0 -1.82 90) (layer B.Fab)
      (effects (font (size 1 1) (thickness 0.15)) (justify mirror))
    )
    (fp_line (start -1.6 -0.8) (end -1.6 0.8) (layer B.Fab) (width 0.1))
    (fp_line (start -1.6 0.8) (end 1.6 0.8) (layer B.Fab) (width 0.1))
    (fp_line (start 1.6 0.8) (end 1.6 -0.8) (layer B.Fab) (width 0.1))
    (fp_line (start 1.6 -0.8) (end -1.6 -0.8) (layer B.Fab) (width 0.1))
    (fp_line (start -0.602064 0.91) (end 0.602064 0.91) (layer B.SilkS) (width 0.12))
    (fp_line (start -0.602064 -0.91) (end 0.602064 -0.91) (layer B.SilkS) (width 0.12))
    (fp_line (start -2.28 -1.12) (end -2.28 1.12) (layer B.CrtYd) (width 0.05))
    (fp_line (start -2.28 1.12) (end 2.28 1.12) (layer B.CrtYd) (width 0.05))
    (fp_line (start 2.28 1.12) (end 2.28 -1.12) (layer B.CrtYd) (width 0.05))
    (fp_line (start 2.28 -1.12) (end -2.28 -1.12) (layer B.CrtYd) (width 0.05))
    (fp_text user %R (at 0 0 90) (layer B.Fab)
      (effects (font (size 0.8 0.8) (thickness 0.12)) (justify mirror))
    )
    (pad 1 smd roundrect (at -1.4 0 90) (size 1.25 1.75) (layers B.Cu B.Paste B.Mask) (roundrect_rratio 0.2)
      (net 51 GND))
    (pad 2 smd roundrect (at 1.4 0 90) (size 1.25 1.75) (layers B.Cu B.Paste B.Mask) (roundrect_rratio 0.2)
      (net 1 +5V))
    (model ${KISYS3DMOD}/Capacitor_SMD.3dshapes/C_1206_3216Metric.wrl
      (at (xyz 0 0 0))
      (scale (xyz 1 1 1))
      (rotate (xyz 0 0 0))
    )
  )

  (module Capacitor_SMD:C_1206_3216Metric (layer B.Cu) (tedit 5B301BBE) (tstamp 5F8D5CF8)
    (at 179 103.85 90)
    (descr "Capacitor SMD 1206 (3216 Metric), square (rectangular) end terminal, IPC_7351 nominal, (Body size source: http://www.tortai-tech.com/upload/download/2011102023233369053.pdf), generated with kicad-footprint-generator")
    (tags capacitor)
    (path /5F91C3A3)
    (attr smd)
    (fp_text reference C5 (at 0 1.82 90) (layer B.SilkS)
      (effects (font (size 1 1) (thickness 0.15)) (justify mirror))
    )
    (fp_text value 10uF (at 0 -1.82 90) (layer B.Fab)
      (effects (font (size 1 1) (thickness 0.15)) (justify mirror))
    )
    (fp_line (start 2.28 -1.12) (end -2.28 -1.12) (layer B.CrtYd) (width 0.05))
    (fp_line (start 2.28 1.12) (end 2.28 -1.12) (layer B.CrtYd) (width 0.05))
    (fp_line (start -2.28 1.12) (end 2.28 1.12) (layer B.CrtYd) (width 0.05))
    (fp_line (start -2.28 -1.12) (end -2.28 1.12) (layer B.CrtYd) (width 0.05))
    (fp_line (start -0.602064 -0.91) (end 0.602064 -0.91) (layer B.SilkS) (width 0.12))
    (fp_line (start -0.602064 0.91) (end 0.602064 0.91) (layer B.SilkS) (width 0.12))
    (fp_line (start 1.6 -0.8) (end -1.6 -0.8) (layer B.Fab) (width 0.1))
    (fp_line (start 1.6 0.8) (end 1.6 -0.8) (layer B.Fab) (width 0.1))
    (fp_line (start -1.6 0.8) (end 1.6 0.8) (layer B.Fab) (width 0.1))
    (fp_line (start -1.6 -0.8) (end -1.6 0.8) (layer B.Fab) (width 0.1))
    (fp_text user %R (at 0 0 90) (layer B.Fab)
      (effects (font (size 0.8 0.8) (thickness 0.12)) (justify mirror))
    )
    (pad 2 smd roundrect (at 1.4 0 90) (size 1.25 1.75) (layers B.Cu B.Paste B.Mask) (roundrect_rratio 0.2)
      (net 1 +5V))
    (pad 1 smd roundrect (at -1.4 0 90) (size 1.25 1.75) (layers B.Cu B.Paste B.Mask) (roundrect_rratio 0.2)
      (net 51 GND))
    (model ${KISYS3DMOD}/Capacitor_SMD.3dshapes/C_1206_3216Metric.wrl
      (at (xyz 0 0 0))
      (scale (xyz 1 1 1))
      (rotate (xyz 0 0 0))
    )
  )

  (module Capacitor_SMD:C_1206_3216Metric (layer B.Cu) (tedit 5B301BBE) (tstamp 5F8D5D09)
    (at 150.785798 101.463298 225)
    (descr "Capacitor SMD 1206 (3216 Metric), square (rectangular) end terminal, IPC_7351 nominal, (Body size source: http://www.tortai-tech.com/upload/download/2011102023233369053.pdf), generated with kicad-footprint-generator")
    (tags capacitor)
    (path /5F92A940)
    (attr smd)
    (fp_text reference C6 (at 0 1.82 45) (layer B.SilkS)
      (effects (font (size 1 1) (thickness 0.15)) (justify mirror))
    )
    (fp_text value 22pf (at 0 -1.82 45) (layer B.Fab)
      (effects (font (size 1 1) (thickness 0.15)) (justify mirror))
    )
    (fp_line (start -1.6 -0.8) (end -1.6 0.8) (layer B.Fab) (width 0.1))
    (fp_line (start -1.6 0.8) (end 1.6 0.8) (layer B.Fab) (width 0.1))
    (fp_line (start 1.6 0.8) (end 1.6 -0.8) (layer B.Fab) (width 0.1))
    (fp_line (start 1.6 -0.8) (end -1.6 -0.8) (layer B.Fab) (width 0.1))
    (fp_line (start -0.602064 0.91) (end 0.602064 0.91) (layer B.SilkS) (width 0.12))
    (fp_line (start -0.602064 -0.91) (end 0.602064 -0.91) (layer B.SilkS) (width 0.12))
    (fp_line (start -2.28 -1.12) (end -2.28 1.12) (layer B.CrtYd) (width 0.05))
    (fp_line (start -2.28 1.12) (end 2.28 1.12) (layer B.CrtYd) (width 0.05))
    (fp_line (start 2.28 1.12) (end 2.28 -1.12) (layer B.CrtYd) (width 0.05))
    (fp_line (start 2.28 -1.12) (end -2.28 -1.12) (layer B.CrtYd) (width 0.05))
    (fp_text user %R (at 0 0 45) (layer B.Fab)
      (effects (font (size 0.8 0.8) (thickness 0.12)) (justify mirror))
    )
    (pad 1 smd roundrect (at -1.4 0 225) (size 1.25 1.75) (layers B.Cu B.Paste B.Mask) (roundrect_rratio 0.2)
      (net 3 Xtal1))
    (pad 2 smd roundrect (at 1.4 0 225) (size 1.25 1.75) (layers B.Cu B.Paste B.Mask) (roundrect_rratio 0.2)
      (net 51 GND))
    (model ${KISYS3DMOD}/Capacitor_SMD.3dshapes/C_1206_3216Metric.wrl
      (at (xyz 0 0 0))
      (scale (xyz 1 1 1))
      (rotate (xyz 0 0 0))
    )
  )

  (module Capacitor_SMD:C_1206_3216Metric (layer B.Cu) (tedit 5B301BBE) (tstamp 5F8D5D1A)
    (at 149.088742 99.766242 225)
    (descr "Capacitor SMD 1206 (3216 Metric), square (rectangular) end terminal, IPC_7351 nominal, (Body size source: http://www.tortai-tech.com/upload/download/2011102023233369053.pdf), generated with kicad-footprint-generator")
    (tags capacitor)
    (path /5F92B89F)
    (attr smd)
    (fp_text reference C7 (at 0 1.82 45) (layer B.SilkS)
      (effects (font (size 1 1) (thickness 0.15)) (justify mirror))
    )
    (fp_text value 22pf (at 0 -1.82 45) (layer B.Fab)
      (effects (font (size 1 1) (thickness 0.15)) (justify mirror))
    )
    (fp_line (start 2.28 -1.12) (end -2.28 -1.12) (layer B.CrtYd) (width 0.05))
    (fp_line (start 2.28 1.12) (end 2.28 -1.12) (layer B.CrtYd) (width 0.05))
    (fp_line (start -2.28 1.12) (end 2.28 1.12) (layer B.CrtYd) (width 0.05))
    (fp_line (start -2.28 -1.12) (end -2.28 1.12) (layer B.CrtYd) (width 0.05))
    (fp_line (start -0.602064 -0.91) (end 0.602064 -0.91) (layer B.SilkS) (width 0.12))
    (fp_line (start -0.602064 0.91) (end 0.602064 0.91) (layer B.SilkS) (width 0.12))
    (fp_line (start 1.6 -0.8) (end -1.6 -0.8) (layer B.Fab) (width 0.1))
    (fp_line (start 1.6 0.8) (end 1.6 -0.8) (layer B.Fab) (width 0.1))
    (fp_line (start -1.6 0.8) (end 1.6 0.8) (layer B.Fab) (width 0.1))
    (fp_line (start -1.6 -0.8) (end -1.6 0.8) (layer B.Fab) (width 0.1))
    (fp_text user %R (at 0 0 45) (layer B.Fab)
      (effects (font (size 0.8 0.8) (thickness 0.12)) (justify mirror))
    )
    (pad 2 smd roundrect (at 1.4 0 225) (size 1.25 1.75) (layers B.Cu B.Paste B.Mask) (roundrect_rratio 0.2)
      (net 51 GND))
    (pad 1 smd roundrect (at -1.4 0 225) (size 1.25 1.75) (layers B.Cu B.Paste B.Mask) (roundrect_rratio 0.2)
      (net 4 Xtal2))
    (model ${KISYS3DMOD}/Capacitor_SMD.3dshapes/C_1206_3216Metric.wrl
      (at (xyz 0 0 0))
      (scale (xyz 1 1 1))
      (rotate (xyz 0 0 0))
    )
  )

  (module Diode_SMD:D_SOD-523 (layer B.Cu) (tedit 586419F0) (tstamp 5F8D5D32)
    (at 193.2 84.325)
    (descr "http://www.diodes.com/datasheets/ap02001.pdf p.144")
    (tags "Diode SOD523")
    (path /5F978467)
    (attr smd)
    (fp_text reference D1 (at 0 1.3) (layer B.SilkS)
      (effects (font (size 1 1) (thickness 0.15)) (justify mirror))
    )
    (fp_text value DZ2S036X0L (at 0 -1.4) (layer B.Fab)
      (effects (font (size 1 1) (thickness 0.15)) (justify mirror))
    )
    (fp_line (start 0.7 -0.6) (end -1.15 -0.6) (layer B.SilkS) (width 0.12))
    (fp_line (start 0.7 0.6) (end -1.15 0.6) (layer B.SilkS) (width 0.12))
    (fp_line (start 0.65 -0.45) (end -0.65 -0.45) (layer B.Fab) (width 0.1))
    (fp_line (start -0.65 -0.45) (end -0.65 0.45) (layer B.Fab) (width 0.1))
    (fp_line (start -0.65 0.45) (end 0.65 0.45) (layer B.Fab) (width 0.1))
    (fp_line (start 0.65 0.45) (end 0.65 -0.45) (layer B.Fab) (width 0.1))
    (fp_line (start -0.2 -0.2) (end -0.2 0.2) (layer B.Fab) (width 0.1))
    (fp_line (start -0.2 0) (end -0.35 0) (layer B.Fab) (width 0.1))
    (fp_line (start -0.2 0) (end 0.1 -0.2) (layer B.Fab) (width 0.1))
    (fp_line (start 0.1 -0.2) (end 0.1 0.2) (layer B.Fab) (width 0.1))
    (fp_line (start 0.1 0.2) (end -0.2 0) (layer B.Fab) (width 0.1))
    (fp_line (start 0.1 0) (end 0.25 0) (layer B.Fab) (width 0.1))
    (fp_line (start 1.25 -0.7) (end -1.25 -0.7) (layer B.CrtYd) (width 0.05))
    (fp_line (start -1.25 -0.7) (end -1.25 0.7) (layer B.CrtYd) (width 0.05))
    (fp_line (start -1.25 0.7) (end 1.25 0.7) (layer B.CrtYd) (width 0.05))
    (fp_line (start 1.25 0.7) (end 1.25 -0.7) (layer B.CrtYd) (width 0.05))
    (fp_line (start -1.15 0.6) (end -1.15 -0.6) (layer B.SilkS) (width 0.12))
    (fp_text user %R (at 0 1.3) (layer B.Fab)
      (effects (font (size 1 1) (thickness 0.15)) (justify mirror))
    )
    (pad 1 smd rect (at -0.7 0 180) (size 0.6 0.7) (layers B.Cu B.Paste B.Mask)
      (net 5 D+))
    (pad 2 smd rect (at 0.7 0 180) (size 0.6 0.7) (layers B.Cu B.Paste B.Mask)
      (net 51 GND))
    (model ${KISYS3DMOD}/Diode_SMD.3dshapes/D_SOD-523.wrl
      (at (xyz 0 0 0))
      (scale (xyz 1 1 1))
      (rotate (xyz 0 0 0))
    )
  )

  (module Diode_SMD:D_SOD-523 (layer B.Cu) (tedit 586419F0) (tstamp 5F8D5D4A)
    (at 193.2 85.925)
    (descr "http://www.diodes.com/datasheets/ap02001.pdf p.144")
    (tags "Diode SOD523")
    (path /5F97B19C)
    (attr smd)
    (fp_text reference D2 (at 0 1.3) (layer B.SilkS)
      (effects (font (size 1 1) (thickness 0.15)) (justify mirror))
    )
    (fp_text value DZ2S036X0L (at 0 -1.4) (layer B.Fab)
      (effects (font (size 1 1) (thickness 0.15)) (justify mirror))
    )
    (fp_line (start -1.15 0.6) (end -1.15 -0.6) (layer B.SilkS) (width 0.12))
    (fp_line (start 1.25 0.7) (end 1.25 -0.7) (layer B.CrtYd) (width 0.05))
    (fp_line (start -1.25 0.7) (end 1.25 0.7) (layer B.CrtYd) (width 0.05))
    (fp_line (start -1.25 -0.7) (end -1.25 0.7) (layer B.CrtYd) (width 0.05))
    (fp_line (start 1.25 -0.7) (end -1.25 -0.7) (layer B.CrtYd) (width 0.05))
    (fp_line (start 0.1 0) (end 0.25 0) (layer B.Fab) (width 0.1))
    (fp_line (start 0.1 0.2) (end -0.2 0) (layer B.Fab) (width 0.1))
    (fp_line (start 0.1 -0.2) (end 0.1 0.2) (layer B.Fab) (width 0.1))
    (fp_line (start -0.2 0) (end 0.1 -0.2) (layer B.Fab) (width 0.1))
    (fp_line (start -0.2 0) (end -0.35 0) (layer B.Fab) (width 0.1))
    (fp_line (start -0.2 -0.2) (end -0.2 0.2) (layer B.Fab) (width 0.1))
    (fp_line (start 0.65 0.45) (end 0.65 -0.45) (layer B.Fab) (width 0.1))
    (fp_line (start -0.65 0.45) (end 0.65 0.45) (layer B.Fab) (width 0.1))
    (fp_line (start -0.65 -0.45) (end -0.65 0.45) (layer B.Fab) (width 0.1))
    (fp_line (start 0.65 -0.45) (end -0.65 -0.45) (layer B.Fab) (width 0.1))
    (fp_line (start 0.7 0.6) (end -1.15 0.6) (layer B.SilkS) (width 0.12))
    (fp_line (start 0.7 -0.6) (end -1.15 -0.6) (layer B.SilkS) (width 0.12))
    (fp_text user %R (at 0 1.3) (layer B.Fab)
      (effects (font (size 1 1) (thickness 0.15)) (justify mirror))
    )
    (pad 2 smd rect (at 0.7 0 180) (size 0.6 0.7) (layers B.Cu B.Paste B.Mask)
      (net 51 GND))
    (pad 1 smd rect (at -0.7 0 180) (size 0.6 0.7) (layers B.Cu B.Paste B.Mask)
      (net 6 D-))
    (model ${KISYS3DMOD}/Diode_SMD.3dshapes/D_SOD-523.wrl
      (at (xyz 0 0 0))
      (scale (xyz 1 1 1))
      (rotate (xyz 0 0 0))
    )
  )

  (module Diode_SMD:D_SOD-123 (layer B.Cu) (tedit 58645DC7) (tstamp 5F8D5D63)
    (at 146.8 122.49 90)
    (descr SOD-123)
    (tags SOD-123)
    (path /5F8CBCF5)
    (attr smd)
    (fp_text reference D3 (at 0 2 90) (layer B.SilkS)
      (effects (font (size 1 1) (thickness 0.15)) (justify mirror))
    )
    (fp_text value D (at 0 -2.1 90) (layer B.Fab)
      (effects (font (size 1 1) (thickness 0.15)) (justify mirror))
    )
    (fp_line (start -2.25 1) (end -2.25 -1) (layer B.SilkS) (width 0.12))
    (fp_line (start 0.25 0) (end 0.75 0) (layer B.Fab) (width 0.1))
    (fp_line (start 0.25 -0.4) (end -0.35 0) (layer B.Fab) (width 0.1))
    (fp_line (start 0.25 0.4) (end 0.25 -0.4) (layer B.Fab) (width 0.1))
    (fp_line (start -0.35 0) (end 0.25 0.4) (layer B.Fab) (width 0.1))
    (fp_line (start -0.35 0) (end -0.35 -0.55) (layer B.Fab) (width 0.1))
    (fp_line (start -0.35 0) (end -0.35 0.55) (layer B.Fab) (width 0.1))
    (fp_line (start -0.75 0) (end -0.35 0) (layer B.Fab) (width 0.1))
    (fp_line (start -1.4 -0.9) (end -1.4 0.9) (layer B.Fab) (width 0.1))
    (fp_line (start 1.4 -0.9) (end -1.4 -0.9) (layer B.Fab) (width 0.1))
    (fp_line (start 1.4 0.9) (end 1.4 -0.9) (layer B.Fab) (width 0.1))
    (fp_line (start -1.4 0.9) (end 1.4 0.9) (layer B.Fab) (width 0.1))
    (fp_line (start -2.35 1.15) (end 2.35 1.15) (layer B.CrtYd) (width 0.05))
    (fp_line (start 2.35 1.15) (end 2.35 -1.15) (layer B.CrtYd) (width 0.05))
    (fp_line (start 2.35 -1.15) (end -2.35 -1.15) (layer B.CrtYd) (width 0.05))
    (fp_line (start -2.35 1.15) (end -2.35 -1.15) (layer B.CrtYd) (width 0.05))
    (fp_line (start -2.25 -1) (end 1.65 -1) (layer B.SilkS) (width 0.12))
    (fp_line (start -2.25 1) (end 1.65 1) (layer B.SilkS) (width 0.12))
    (fp_text user %R (at 0 2 90) (layer B.Fab)
      (effects (font (size 1 1) (thickness 0.15)) (justify mirror))
    )
    (pad 1 smd rect (at -1.65 0 90) (size 0.9 1.2) (layers B.Cu B.Paste B.Mask)
      (net 8 Row1))
    (pad 2 smd rect (at 1.65 0 90) (size 0.9 1.2) (layers B.Cu B.Paste B.Mask)
      (net 7 "Net-(D3-Pad2)"))
    (model ${KISYS3DMOD}/Diode_SMD.3dshapes/D_SOD-123.wrl
      (at (xyz 0 0 0))
      (scale (xyz 1 1 1))
      (rotate (xyz 0 0 0))
    )
  )

  (module Diode_SMD:D_SOD-123 (layer B.Cu) (tedit 58645DC7) (tstamp 5F8D5D7C)
    (at 146.63 141.49 90)
    (descr SOD-123)
    (tags SOD-123)
    (path /5F8D035E)
    (attr smd)
    (fp_text reference D4 (at 0 2 90) (layer B.SilkS)
      (effects (font (size 1 1) (thickness 0.15)) (justify mirror))
    )
    (fp_text value D (at 0 -2.1 90) (layer B.Fab)
      (effects (font (size 1 1) (thickness 0.15)) (justify mirror))
